985
43 56
479 99
555 515
461 435
288 159
913 7
441 295
7 69
439 36
620 12
509 325
408 41
213 639
418 363
308 582
566 50
274 264
422 846
295 588
891 900
99 102
1 33
885 111
225 321
747 249
388 269
777 925
146 401
4 12
35 64
383 575
28 178
3 63
67 143
378 888
34 854
674 302
241 578
63 608
41 81
182 851
131 52
586 274
818 193
497 216
65 12
673 942
116 137
142 311
558 19
745 713
6 41
32 5
52 485
448 715
406 147
31 75
90 448
144 66
629 949
330 960
100 164
828 596
286 78
346 387
28 117
590 355
443 138
99 420
315 607
527 348
539 201
87 1
433 233
307 257
29 38
844 609
25 48
129 186
850 180
165 135
175 268
780 199
613 956
660 132
38 74
547 765
256 409
395 342
298 592
346 322
151 177
242 314
431 518
57 652
266 596
11 480
144 832
360 679
33 285
361 139
601 648
465 171
253 64
83 257
852 313
133 101
101 291
738 253
483 740
786 41
205 282
279 303
627 730
128 135
216 247
39 23
504 298
116 149
313 517
478 399
39 78
179 374
4 2
342 187
398 521
276 352
498 334
106 53
4 262
275 22
456 36
841 215
695 424
50 6
810 108
180 74
222 522
926 713
37 94
872 971
188 493
155 5
358 98
540 297
332 211
688 576
258 644
496 651
271 66
169 79
138 310
340 185
195 67
441 773
749 419
813 929
308 326
172 101
736 431
847 579
827 42
14 883
127 598
434 428
101 751
600 975
839 400
538 610
70 2
294 205
196 733
27 199
797 321
864 778
626 385
341 820
804 315
788 267
167 204
430 62
399 23
22 71
163 200
798 643
983 832
242 3
105 690
125 138
240 510
422 471
400 866
359 298
255 474
932 668
779 653
290 569
391 140
455 205
17 519
25 166
741 207
11 22
794 351
895 336
658 553
294 878
625 509
923 676
339 357
55 799
938 765
119 538
149 162
225 318
205 969
826 578
967 298
347 55
12 67
661 119
278 247
269 160
548 629
296 678
785 747
183 464
54 124
789 653
253 265
435 613
343 365
464 814
97 404
623 713
17 18
145 214
215 611
771 231
543 492
19 85
511 27
336 968
688 891
16 140
287 463
156 79
865 910
822 567
9 11
123 90
838 247
243 85
67 183
316 191
317 957
303 623
763 87
683 821
38 263
267 324
21 896
476 370
647 497
732 548
250 172
696 655
2 323
602 792
364 287
216 427
35 764
484 211
155 783
190 628
727 567
380 77
384 894
52 287
98 207
2 1
452 378
57 91
1 60
787 268
782 648
302 262
622 349
415 95
475 289
80 344
159 112
112 694
40 24
720 198
176 482
553 253
595 139
174 198
20 24
21 549
603 526
330 35
61 5
529 205
191 190
152 367
329 426
173 190
972 683
952 280
152 801
459 250
190 417
706 651
848 691
600 634
816 629
419 358
42 55
876 238
226 144
170 86
424 15
91 142
912 959
22 577
879 497
127 423
263 467
3 72
659 307
338 950
44 337
284 304
901 391
336 640
213 44
15 12
251 42
703 520
75 281
131 238
412 593
183 572
808 733
528 974
175 98
289 704
973 431
5 3
353 512
527 887
1 3
453 725
125 70
717 562
865 458
74 728
210 556
903 55
564 270
710 39
796 128
717 947
84 836
168 698
74 397
845 796
323 356
356 807
513 526
886 536
340 381
158 63
591 235
113 507
194 72
530 210
714 635
554 874
742 115
759 880
266 123
486 251
235 141
793 346
184 174
675 566
179 143
535 544
524 2
351 759
964 133
166 300
20 58
470 292
319 548
117 283
116 69
24 43
474 665
600 811
568 908
224 882
28 487
385 171
116 229
110 130
49 3
931 362
8 25
14 5
339 179
354 605
267 206
606 724
203 53
424 547
739 417
28 35
193 118
436 161
350 200
712 359
768 800
188 234
520 180
152 125
51 563
330 909
875 81
425 37
904 525
132 123
109 56
141 119
438 429
289 82
154 325
3 10
637 320
170 937
454 83
174 57
631 583
616 174
19 13
38 329
743 717
220 687
5 20
319 235
961 174
444 421
179 686
373 107
128 153
546 518
328 23
113 259
338 334
178 499
111 13
24 667
673 307
920 389
375 339
134 124
701 837
119 422
985 203
52 20
576 100
196 145
940 24
825 405
692 634
460 515
160 54
472 372
75 146
239 140
272 862
645 755
222 676
178 670
28 59
320 282
496 962
400 77
58 126
27 92
51 2
15 66
85 104
153 241
693 370
465 976
414 453
744 497
917 645
68 82
340 421
495 754
57 13
671 774
44 62
122 205
922 192
97 99
3 654
462 429
505 612
70 93
750 884
13 17
939 895
333 345
431 550
918 641
849 338
353 642
570 252
758 408
225 169
784 889
246 58
417 719
784 289
89 18
216 770
14 362
227 37
809 835
978 505
136 56
114 127
574 533
16 13
9 31
468 829
813 411
291 331
273 295
364 684
666 74
791 479
108 672
564 635
538 557
369 241
6 215
83 86
312 18
88 44
204 292
5 6
317 157
416 863
252 243
50 378
881 79
79 154
64 372
155 276
451 930
948 753
437 718
29 163
113 296
490 25
356 473
443 824
11 23
9 561
756 410
344 568
965 858
400 907
371 66
451 650
276 445
24 460
130 201
682 384
317 606
584 483
691 110
47 435
52 216
341 503
13 5
746 954
629 872
7 161
45 4
683 354
90 327
307 560
390 248
671 323
248 60
843 723
45 981
101 14
403 95
236 57
483 232
469 141
615 234
315 149
762 57
944 249
153 349
915 769
411 619
297 29
66 192
899 868
761 60
488 268
573 621
192 392
210 224
233 161
18 28
317 450
681 934
172 645
279 153
429 386
93 223
500 132
59 148
12 26
313 769
412 371
800 858
80 231
44 25
280 935
500 636
630 980
979 435
562 160
585 27
861 218
492 599
150 583
432 38
199 468
7 3
181 50
277 92
96 55
657 914
20 110
29 34
855 372
108 145
410 708
414 305
53 40
288 489
309 79
208 37
681 599
393 604
830 49
224 707
405 307
709 598
444 537
35 559
416 309
617 399
320 533
946 693
898 545
319 781
189 447
812 349
336 67
856 160
254 351
107 106
43 492
363 6
389 314
963 284
224 702
363 502
890 21
31 189
77 25
442 376
335 132
760 329
176 142
411 294
211 149
239 735
630 722
83 7
19 210
840 828
307 646
298 267
317 857
353 869
723 259
573 304
151 75
384 212
618 64
958 141
270 28
16 182
340 664
527 552
33 446
171 49
108 534
382 244
24 306
16 437
274 716
177 523
216 360
348 68
668 353
150 322
229 258
254 341
8 5
118 107
398 77
84 4
114 55
653 951
473 496
103 77
428 508
571 8
23 139
766 611
377 842
12 680
601 352
324 505
815 158
46 25
139 228
721 1
301 155
188 144
953 841
290 726
206 162
586 729
368 157
196 748
112 32
494 2
244 123
169 245
614 66
54 29
351 795
115 4
83 90
362 600
819 406
592 750
801 936
12 100
140 653
6 187
410 806
163 481
723 893
379 685
609 438
141 638
911 916
99 221
218 109
407 108
313 168
970 29
4 173
196 354
173 290
220 6
622 927
491 82
177 393
536 233
863 945
955 466
928 436
921 844
118 669
120 168
624 209
136 370
525 136
431 369
36 37
805 215
411 677
60 902
933 288
378 506
535 171
394 297
128 59
595 809
597 237
376 339
657 746
870 95
149 528
711 143
264 135
119 74
148 466
790 243
102 396
111 402
235 366
627 366
151 589
439 778
415 943
379 60
252 449
322 413
27 14
737 731
162 273
871 57
68 28
820 867
249 210
767 331
222 68
757 733
982 526
911 591
701 734
142 197
611 776
663 86
440 26
679 873
551 209
357 458
905 700
334 328
260 32
577 701
97 2
860 514
588 892
276 280
444 731
984 757
532 365
343 80
121 16
1 150
147 22
519 966
167 823
122 232
510 567
514 282
371 803
13 777
76 48
643 300
554 260
785 877
308 22
752 751
165 353
29 95
228 255
98 254
919 618
237 4
229 513
131 305
859 132
44 428
27 256
13 21
30 73
439 541
47 15
230 410
697 251
630 36
73 212
89 129
157 39
36 495
501 478
230 834
3 30
55 775
577 579
299 176
243 531
38 120
99 284
656 560
635 699
