70.7303012808
185.757241281
242.778701281
313.815811281
370.837271281
499.879861281
685.959171281
800.002101281
915.029041281
972.050501281
1085.13456128
1213.22952128
1326.31358128
1454.37216128
1610.47327128
1725.50021128
1853.59517128
1981.65375128
2128.72216128
2256.81712128
2355.88553128
2469.92846128
2556.96049128
2643.99252128
2741.04528128
2838.09804128
2925.13007128
3081.23118128
3152.26829128
3283.30878128
3469.38809128
3655.46740128
3768.55146128
3881.63552128
4010.67811128
4081.71522128
4152.75233128
4266.79526128
4363.84802128
4460.90078128
4591.94127128
4739.00968128
4836.06244128
4999.12577128
5162.18910128
5290.28406128
5421.32455128
5518.37731128
5633.40425128
5764.44474128
5892.53970128
5993.58738128
6149.68849128
6263.73142128
6391.79000128
6519.84858128
6648.89117128
6811.95450128
6913.00218128
7069.10329128
7206.16220128
7263.18366128
7394.22415128
7507.30821128
7693.38752128
7856.45085128
8003.51926128
8132.56185128
8245.64591128
8401.74702128
8504.75621128
8575.79332128
8674.86173128
8802.92031128
8949.98872128
9037.02075128
9124.05278128
9211.08481128
9324.16887128
9421.22163128
9534.30569128
9671.36460128
9808.42351128
9964.52462128
10021.5460813
10124.5552713
10287.6186013
10358.6557113
10487.6983013
10634.7667113
10781.8351213
10878.8878813
10977.9562913
11077.0247013
